X,Y,Z,rX,rY,rZ,empty
8255370.000,436.065,192.863,401.953,-166.030,31.459,31.459,
8255439.000,436.023,193.920,401.917,-165.935,32.036,32.036,
8255470.000,435.978,198.009,401.675,-165.661,34.316,34.316,
8255497.000,436.059,206.688,401.063,-165.287,39.318,39.318,
8255527.000,435.983,219.282,400.452,-164.854,46.712,46.712,
8255555.000,435.205,233.506,400.302,-164.032,54.744,54.744,
8255584.000,434.037,247.024,400.319,-162.854,61.941,61.941,
8255611.000,433.208,256.978,400.220,-162.006,67.157,67.157,
8255635.000,432.577,265.823,400.021,-161.470,71.828,71.828,
8255661.000,431.995,275.609,399.704,-161.363,77.047,77.047,
8255685.000,431.509,283.748,399.530,-161.693,81.397,81.397,
8255708.000,430.917,291.008,399.647,-161.740,85.242,85.242,
8255734.000,430.356,296.311,399.890,-160.606,88.032,88.032,
8255758.000,430.054,299.276,399.997,-158.546,89.607,89.607,
8255789.000,430.001,299.981,400.000,-157.162,89.989,89.989,
8255812.000,430.000,300.000,400.000,0.000,90.000,90.000,
8255836.000,430.000,300.000,400.000,0.000,90.000,90.000,
8255858.000,430.000,300.000,400.000,0.000,90.000,90.000,
8255880.000,430.000,300.000,400.000,0.000,90.000,90.000,
8255908.000,430.000,299.961,400.000,0.000,90.000,90.000,
8255979.000,430.104,294.015,400.045,178.361,89.997,89.997,
8256010.000,430.487,278.989,400.186,178.040,89.987,89.987,
8256040.000,430.793,254.956,400.247,177.835,89.971,89.971,
8256065.000,430.841,227.029,400.174,177.792,89.955,89.955,
8256096.000,430.877,199.017,400.078,178.126,89.933,89.933,
8256123.000,430.911,171.019,399.953,178.904,89.900,89.900,
8256153.000,430.943,139.046,399.738,-179.509,89.831,89.831,
8256184.000,430.894,107.778,399.404,-176.908,89.714,89.714,
8256214.000,430.615,83.859,399.258,-173.832,89.670,89.670,
8256242.000,430.300,65.130,399.366,-170.218,89.725,89.725,
8256269.000,430.147,51.973,399.500,-166.596,89.782,89.782,
8256297.000,430.083,42.482,399.606,-163.540,89.827,89.827,
8256324.000,430.053,36.190,399.697,-162.123,89.866,89.866,
8256351.000,430.033,30.300,399.787,-163.396,89.906,89.906,
8256379.000,430.025,25.449,399.835,-169.168,89.929,89.929,
8256403.000,430.022,21.691,399.851,-177.606,89.937,89.937,
8256428.000,430.022,18.021,399.849,172.846,89.936,89.936,
8256454.000,430.026,14.201,399.828,165.197,89.925,89.925,
8256479.000,430.034,9.950,399.783,160.964,89.903,89.903,
8256503.000,430.051,4.907,399.706,159.980,89.868,89.868,
8256530.000,430.081,-1.284,399.611,161.311,89.827,89.827,
8256552.000,430.159,-12.238,399.476,164.870,89.772,89.772,
8256579.000,430.297,-23.685,399.340,168.068,89.716,89.716,
8256605.000,430.555,-39.176,399.214,171.299,89.662,89.662,
8256630.000,430.828,-58.637,399.257,174.217,89.675,89.675,
8256654.000,430.960,-81.065,399.472,176.663,89.755,89.755,
8256679.000,430.960,-104.869,399.694,178.592,89.835,89.835,
8256705.000,430.938,-128.830,399.847,-179.976,89.884,89.884,
8256728.000,430.906,-156.808,399.976,-178.792,89.919,89.919,
8256752.000,430.868,-184.805,400.077,-178.041,89.943,89.943,
8256782.000,430.833,-208.812,400.150,-177.701,89.957,89.957,
8256806.000,430.796,-232.826,400.214,-177.614,89.969,89.969,
8256829.000,430.748,-256.722,400.264,-177.756,89.978,89.978,
8256855.000,430.496,-277.450,400.205,-177.970,89.989,89.989,
8256881.000,430.118,-293.211,400.054,-178.252,89.997,89.997,
8256902.000,430.004,-299.218,400.002,0.000,90.000,90.000,
8256928.000,430.000,-300.000,400.000,0.000,90.000,90.000,
8256952.000,430.000,-300.000,400.000,0.000,90.000,90.000,
8256979.000,430.000,-300.000,400.000,0.000,90.000,90.000,
8257005.000,430.000,-300.000,400.000,0.000,90.000,90.000,
8257023.000,430.000,-300.000,400.000,0.000,90.000,90.000,
8257045.000,430.000,-300.000,400.000,0.000,90.000,90.000,
8257070.000,430.000,-300.000,400.000,0.000,90.000,90.000,
8257094.000,430.000,-300.000,400.000,0.000,90.000,90.000,
8257122.000,430.000,-300.000,400.000,0.000,90.000,90.000,
8257146.000,430.000,-300.000,400.000,0.000,90.000,90.000,
8257170.000,430.000,-300.000,400.000,0.000,90.000,90.000,
8257196.000,430.000,-300.000,400.000,0.000,90.000,90.000,
8257219.000,430.000,-300.000,400.000,0.000,90.000,90.000,
8257243.000,430.000,-300.000,400.000,0.000,90.000,90.000,
8257269.000,430.000,-300.000,400.000,0.000,90.000,90.000,
8257291.000,430.000,-300.000,400.000,0.000,90.000,90.000,
8257314.000,430.000,-300.000,400.000,0.000,90.000,90.000,
8257338.000,430.000,-300.000,400.000,0.000,90.000,90.000,
8257363.000,430.000,-300.000,400.000,0.000,90.000,90.000,
8257391.000,430.000,-300.000,400.000,0.000,90.000,90.000,
8257414.000,430.000,-300.000,400.000,0.000,90.000,90.000,
8257438.000,430.000,-300.000,400.000,0.000,90.000,90.000,
8257462.000,430.000,-300.000,400.000,0.000,90.000,90.000,
8257485.000,430.000,-300.000,400.000,0.000,90.000,90.000,
8257509.000,430.000,-300.000,400.000,0.000,90.000,90.000,
8257533.000,430.000,-300.000,400.000,0.000,90.000,90.000,
8257555.000,430.000,-300.000,400.000,0.000,90.000,90.000,
8257584.000,430.000,-300.000,400.000,0.000,90.000,90.000,
8257606.000,430.000,-300.000,400.000,0.000,90.000,90.000,
8257630.000,430.000,-300.000,400.000,0.000,90.000,90.000,
8257656.000,430.000,-300.000,400.000,0.000,90.000,90.000,
8257678.000,430.000,-300.000,400.000,0.000,90.000,90.000,
8257700.000,430.000,-300.000,400.000,0.000,90.000,90.000,
8257726.000,430.000,-300.000,400.000,0.000,90.000,90.000,
8257747.000,430.000,-300.000,400.000,0.000,90.000,90.000,
8257777.000,430.000,-300.000,400.000,0.000,90.000,90.000,
8257799.000,430.000,-300.000,400.000,0.000,90.000,90.000,
8257824.000,430.000,-300.000,400.000,0.000,90.000,90.000,
8257848.000,430.000,-300.000,400.000,0.000,90.000,90.000,
8257870.000,430.000,-300.000,400.000,0.000,90.000,90.000,
8257897.000,430.000,-300.000,400.000,0.000,90.000,90.000,
8257918.000,430.000,-300.000,400.000,0.000,90.000,90.000,
8257942.000,430.000,-300.000,400.000,0.000,90.000,90.000,
8257966.000,430.000,-300.000,400.000,0.000,90.000,90.000,
8257993.000,430.000,-300.000,400.000,0.000,90.000,90.000,
8258017.000,430.000,-300.000,400.000,0.000,90.000,90.000,
8258042.000,430.000,-300.000,400.000,0.000,90.000,90.000,
8258065.000,430.000,-300.000,400.000,0.000,90.000,90.000,
8258087.000,430.000,-300.000,400.000,0.000,90.000,90.000,
8258110.000,430.000,-300.000,400.000,0.000,90.000,90.000,
8258176.000,430.015,-298.260,400.007,0.000,90.000,90.000,
8258213.000,430.237,-288.387,400.106,-178.163,89.995,89.995,
8258238.000,430.640,-269.107,400.251,-177.886,89.984,89.984,
8258264.000,430.782,-242.318,400.237,-177.651,89.972,89.972,
8258294.000,430.824,-214.299,400.165,-177.658,89.960,89.960,
8258322.000,430.866,-186.289,400.082,-178.010,89.944,89.944,
8258350.000,430.909,-154.293,399.966,-178.877,89.917,89.917,
8258383.000,430.941,-126.317,399.834,179.895,89.880,89.880,
8258413.000,430.965,-98.367,399.642,178.126,89.817,89.817,
8258439.000,430.932,-70.892,399.359,175.641,89.712,89.712,
8258467.000,430.673,-46.354,399.204,172.492,89.657,89.657,
8258495.000,430.303,-24.465,399.343,168.270,89.717,89.717,
8258524.000,430.162,-12.896,399.475,165.087,89.772,89.772,
8258550.000,430.083,-1.792,399.604,161.472,89.825,89.825,
8258578.000,430.053,4.497,399.698,160.011,89.865,89.865,
8258606.000,430.035,9.619,399.778,160.788,89.901,89.901,
8258628.000,430.026,13.918,399.826,164.778,89.924,89.924,
8258652.000,430.022,17.760,399.848,172.213,89.935,89.935,
8258678.000,430.022,21.432,399.852,-178.282,89.937,89.937,
8258701.000,430.024,25.175,399.837,-169.674,89.930,89.930,
8258727.000,430.032,29.980,399.791,-163.615,89.908,89.908,
8258751.000,430.051,35.777,399.705,-162.097,89.869,89.869,
8258779.000,430.080,41.968,399.613,-163.380,89.830,89.830,
8258805.000,430.131,49.804,399.518,-165.895,89.790,89.790,
8258830.000,430.236,60.129,399.406,-168.951,89.742,89.742,
8258855.000,430.497,76.899,399.271,-172.649,89.680,89.680,
8258879.000,430.773,95.690,399.308,-175.516,89.683,89.683,
8258903.000,430.928,117.684,399.521,-177.875,89.755,89.755,
8258931.000,430.937,145.360,399.789,-179.892,89.849,89.849,
8258957.000,430.908,173.340,399.965,178.822,89.903,89.903,
8258985.000,430.879,197.339,400.071,178.160,89.932,89.932,
8259010.000,430.843,225.351,400.168,177.801,89.954,89.954,
8259035.000,430.809,249.355,400.236,177.797,89.968,89.968,
8259059.000,430.634,271.615,400.230,177.960,89.982,89.982,
8259087.000,430.264,287.852,400.107,178.143,89.994,89.994,
8259111.000,430.035,297.169,400.015,178.428,89.999,89.999,
8259133.000,430.000,299.931,400.000,0.000,90.000,90.000,
8259156.000,430.000,300.000,400.000,0.000,90.000,90.000,
8259183.000,430.000,300.000,400.000,0.000,90.000,90.000,
8259205.000,430.000,300.000,400.000,0.000,90.000,90.000,
8259229.000,430.000,300.000,400.000,0.000,90.000,90.000,
8259255.000,430.000,300.000,400.000,0.000,90.000,90.000,
8259273.000,430.000,300.000,400.000,0.000,90.000,90.000,
8259297.000,430.000,300.000,400.000,0.000,90.000,90.000,
8259324.000,430.000,299.995,400.000,0.000,90.000,90.000,
8259391.000,430.046,296.572,400.020,178.505,89.999,89.999,
8259426.000,430.359,284.243,400.142,178.109,89.991,89.991,
8259454.000,430.747,262.578,400.251,177.891,89.976,89.976,
8259483.000,430.830,235.035,400.197,177.769,89.960,89.960,
8259510.000,430.872,203.018,400.093,178.053,89.937,89.937,
8259538.000,430.902,179.017,399.993,178.630,89.911,89.911,
8259566.000,430.939,143.041,399.772,-179.758,89.843,89.843,
8259598.000,430.932,115.343,399.487,-177.655,89.742,89.742,
8259630.000,430.712,90.222,399.271,-174.780,89.671,89.671,
8259656.000,430.377,69.884,399.320,-171.278,89.704,89.704,
8259685.000,430.177,55.271,399.467,-167.602,89.769,89.769,
8259714.000,430.097,44.917,399.576,-164.309,89.814,89.814,
8259739.000,430.061,38.138,399.667,-162.408,89.853,89.853,
8259766.000,430.035,31.065,399.777,-162.958,89.902,89.902,
8259796.000,430.026,26.764,399.825,-167.024,89.924,89.924,
8259823.000,430.022,22.922,399.848,-174.526,89.936,89.936,
8259845.000,430.022,19.249,399.852,175.954,89.937,89.937,
8259870.000,430.024,15.507,399.838,167.398,89.930,89.930,
8259892.000,430.032,10.703,399.792,161.428,89.908,89.908,
8259919.000,430.048,5.817,399.721,159.950,89.875,89.875,
8259943.000,430.075,-0.155,399.627,160.979,89.834,89.834,
8259969.000,430.132,-9.126,399.512,163.872,89.786,89.786,
8259999.000,430.238,-19.467,399.390,166.982,89.736,89.736,
8260023.000,430.506,-36.298,399.227,170.774,89.668,89.668,
8260047.000,430.790,-55.153,399.235,173.762,89.667,89.667,
8260073.000,430.950,-77.184,399.431,176.291,89.740,89.740,
8260097.000,430.963,-100.877,399.663,178.309,89.824,89.824,
8260121.000,430.942,-124.835,399.825,179.814,89.878,89.878,
8260145.000,430.916,-148.812,399.943,-179.084,89.911,89.911,
8260171.000,430.874,-180.804,400.064,-178.124,89.940,89.940,
8260199.000,430.839,-204.810,400.139,-177.739,89.955,89.955,
8260224.000,430.802,-228.824,400.204,-177.612,89.967,89.967,
8260247.000,430.762,-252.806,400.259,-177.721,89.976,89.976,
8260272.000,430.555,-274.434,400.225,-177.936,89.987,89.987,
8260298.000,430.159,-291.536,400.072,-178.201,89.997,89.997,
8260324.000,430.010,-298.694,400.004,0.000,90.000,90.000,
8260347.000,429.999,-299.999,399.999,0.000,90.000,90.000,
8260371.000,430.000,-300.000,400.000,0.000,90.000,90.000,
8260399.000,430.000,-300.000,400.000,0.000,90.000,90.000,
8260422.000,430.000,-300.000,400.000,0.000,90.000,90.000,
8260444.000,430.000,-300.000,400.000,0.000,90.000,90.000,
8260469.000,430.000,-300.000,400.000,0.000,90.000,90.000,
8260489.000,430.000,-300.000,400.000,0.000,90.000,90.000,
8260514.000,430.000,-300.000,400.000,0.000,90.000,90.000,
8260540.000,430.000,-300.000,400.000,0.000,90.000,90.000,
8260564.000,430.000,-300.000,400.000,0.000,90.000,90.000,
8260594.000,430.000,-300.000,400.000,0.000,90.000,90.000,
8260616.000,430.000,-300.000,400.000,0.000,90.000,90.000,
8260638.000,430.000,-300.000,400.000,0.000,90.000,90.000,
8260662.000,430.000,-300.000,400.000,0.000,90.000,90.000,
8260687.000,430.000,-300.000,400.000,0.000,90.000,90.000,
8260713.000,430.000,-300.000,400.000,0.000,90.000,90.000,
8260733.000,430.000,-300.000,400.000,0.000,90.000,90.000,
8260767.000,430.000,-300.000,400.000,0.000,90.000,90.000,
8260787.000,430.000,-300.000,400.000,0.000,90.000,90.000,
8260811.000,430.000,-300.000,400.000,0.000,90.000,90.000,
8260834.000,430.000,-300.000,400.000,0.000,90.000,90.000,
8260860.000,430.000,-300.000,400.000,0.000,90.000,90.000,
8260881.000,430.000,-300.000,400.000,0.000,90.000,90.000,
8260905.000,430.000,-300.000,400.000,0.000,90.000,90.000,
8260928.000,430.000,-300.000,400.000,0.000,90.000,90.000,
8260952.000,430.000,-300.000,400.000,0.000,90.000,90.000,
8260978.000,430.000,-300.000,400.000,0.000,90.000,90.000,
8261004.000,430.000,-300.000,400.000,0.000,90.000,90.000,
8261026.000,430.000,-300.000,400.000,0.000,90.000,90.000,
8261048.000,430.000,-300.000,400.000,0.000,90.000,90.000,
8261073.000,430.000,-300.000,400.000,0.000,90.000,90.000,
8261099.000,430.000,-300.000,400.000,0.000,90.000,90.000,
8261121.000,430.000,-300.000,400.000,0.000,90.000,90.000,
8261145.000,430.000,-300.000,400.000,0.000,90.000,90.000,
8261169.000,430.000,-300.000,400.000,0.000,90.000,90.000,
8261195.000,430.000,-300.000,400.000,0.000,90.000,90.000,
8261220.000,430.000,-300.000,400.000,0.000,90.000,90.000,
8261246.000,430.000,-300.000,400.000,0.000,90.000,90.000,
8261267.000,430.000,-300.000,400.000,0.000,90.000,90.000,
8261291.000,430.000,-300.000,400.000,0.000,90.000,90.000,
8261315.000,430.000,-300.000,400.000,0.000,90.000,90.000,
8261337.000,430.000,-300.000,400.000,0.000,90.000,90.000,
8261363.000,430.000,-300.000,400.000,0.000,90.000,90.000,
8261389.000,430.000,-300.000,400.000,0.000,90.000,90.000,
8261412.000,430.000,-300.000,400.000,0.000,90.000,90.000,
8261436.000,430.000,-300.000,400.000,0.000,90.000,90.000,
8261459.000,430.000,-300.000,400.000,0.000,90.000,90.000,
8261486.000,430.000,-300.000,400.000,0.000,90.000,90.000,
8261506.000,430.000,-300.000,400.000,0.000,90.000,90.000,
8261529.000,430.000,-300.000,400.000,0.000,90.000,90.000,
8261553.000,430.000,-299.959,400.000,0.000,90.000,90.000,
8261621.000,430.104,-293.775,400.048,-178.338,89.998,89.998,
8261653.000,430.473,-278.512,400.197,-177.993,89.989,89.989,
8261686.000,430.757,-254.262,400.261,-177.739,89.977,89.977,
8261712.000,430.806,-226.306,400.197,-177.614,89.966,89.966,
8261739.000,430.848,-198.292,400.120,-177.817,89.951,89.951,
8261767.000,430.894,-166.289,400.013,-178.490,89.928,89.928,
8261799.000,430.928,-138.304,399.895,-179.518,89.898,89.898,
8261829.000,430.956,-110.341,399.735,178.964,89.849,89.849,
8261857.000,430.967,-82.480,399.484,176.793,89.759,89.759,
8261887.000,430.809,-56.350,399.237,173.919,89.667,89.667,
8261916.000,430.473,-34.479,399.243,170.433,89.675,89.675,
8261942.000,430.218,-18.226,399.416,166.656,89.747,89.747,
8261968.000,430.105,-5.519,399.557,162.685,89.805,89.805,
8261998.000,430.066,1.523,399.652,160.539,89.845,89.845,
8262023.000,430.043,7.182,399.741,160.042,89.884,89.884,
8262049.000,430.030,11.848,399.806,162.347,89.914,89.914,
8262074.000,430.024,15.876,399.840,168.099,89.931,89.931,
8262098.000,430.022,20.212,399.853,178.491,89.938,89.938,
8262121.000,430.023,23.904,399.844,-172.265,89.934,89.934,
8262145.000,430.028,27.834,399.815,-165.619,89.920,89.920,
8262171.000,430.041,33.134,399.747,-162.254,89.888,89.888,
8262201.000,430.069,39.751,399.644,-162.769,89.843,89.843,
8262228.000,430.111,46.967,399.550,-164.970,89.803,89.803,
8262250.000,430.191,56.336,399.448,-167.901,89.760,89.760,
8262275.000,430.365,69.002,399.319,-171.080,89.704,89.704,
8262301.000,430.641,85.826,399.263,-174.138,89.671,89.671,
8262324.000,430.872,106.365,399.400,-176.766,89.713,89.713,
8262348.000,430.946,129.420,399.646,-178.838,89.799,89.799,
8262372.000,430.921,161.346,399.898,179.298,89.884,89.884,
8262404.000,430.894,185.338,400.021,178.447,89.919,89.919,
8262426.000,430.864,209.343,400.116,177.956,89.942,89.942,
8262450.000,430.832,233.356,400.192,177.771,89.959,89.959,
8262476.000,430.783,257.207,400.250,177.844,89.972,89.972,
8262500.000,430.514,277.789,400.195,178.018,89.986,89.986,
8262525.000,430.120,293.380,400.051,178.262,89.997,89.997,
8262549.000,430.004,299.236,400.002,0.000,90.000,90.000,
8262576.000,430.000,300.000,400.000,0.000,90.000,90.000,
8262604.000,430.000,300.000,400.000,0.000,90.000,90.000,
8262624.000,430.000,300.000,400.000,0.000,90.000,90.000,
8262648.000,430.000,300.000,400.000,0.000,90.000,90.000,
8262671.000,430.000,300.000,400.000,0.000,90.000,90.000,
8262695.000,430.000,300.000,400.000,0.000,90.000,90.000,
8262715.000,430.000,300.000,400.000,0.000,90.000,90.000,
8262740.000,430.000,300.000,400.000,0.000,90.000,90.000,
